0.6549139491342894
0.2879522168433073
0.8010051434352307
0.1830592666766978
0.1846336750353036
0.7901044409527247
0.2675237777968277
0.6151884128314214
0.8345502027140151
0.6121120799333228
0.5232871048244907
0.2371058204804698
0.9927353701554936
0.9079120501037818
0.07654116321548499
0.04318294308332338
0.6288766027257212
0.20223556635338646
0.4979171024426178
0.831428058874938
0.0886167749323652
0.47590253539464933
0.7262933031022505
0.7666194421436809
0.3438115256724956
0.6889860236107667
0.5740754289223112
0.48034454226800194
0.9174340554189684
0.40958823259910093
0.5419382364506766
0.9790027254504835
0.16521680215267853
0.43628438046323015
0.46998947505228894
0.40337635337938094
0.08893731956126372
0.26824316490783495
0.2470624499879681
0.2925801783835429
0.7951292349768658
0.5035938808203798
0.06826290687587844
0.9525257572422253
0.4122384988865123
0.8595093668035163
0.040233799031508255
0.6302048509786373
0.19185764821735818
0.16539643848752372
0.7290807565318561
0.39360104156627296
0.2566034354975695
0.7301569521620325
0.9349420724421634
0.4392183171015195
0.9369631540700888
0.5957802858507036
0.6760020437449068
0.6490577997850155
0.6420537570507574
0.3922481409733639
0.17070730008095447
0.24818372145245926
0.9456879288861996
0.7508086790851541
0.34516548797580426
0.4656656183851947
0.3355103441748484
0.5884086178066897
0.5153289718779728
0.87483046578013
0.5691236069972948
0.6517798585936014
0.31757306242206806
0.4090561440450271
0.21012475273722475
0.4386345151236767
0.4019728723740269
0.5299083110304771
0.48073878085539734
0.71428950221603
0.8047779175762411
0.28049004981329984
0.7304113328709001
0.6464321831223566
0.6613380037281719
0.38148335369945674
0.879574566372645
0.9480811408454666
0.019368189279431514
0.5500302502003656
0.6109608206956233
0.02471589835514254
0.8667269014491095
0.37613965839793606
0.3305247019826668
0.020268666889486253
0.0014105613853649945
0.2844695017429586
0.33872503033816026
0.5381017049488691
0.39991897527711917
0.7131063481876261
0.5076851586055016
0.603995382539875
0.696825195607554
0.8426816901595473
0.011078347101473818
0.43681777285803713
0.3868225452698487
0.5297266898440912
0.8459001898634165
0.17766865321702807
0.6509760931216565
0.257677750258827
0.9063430512837067
0.424849554496164
0.3112200954281449
0.10230100058220404
0.7953390737607928
0.17729843125620104
0.5048985501501825
0.7490280474706595
0.6213072163182444
0.7261262821208725
0.32405231971355075
0.23820389548481757
0.20855742701111535
0.09460526765811228
0.33652028620269236
0.9030551564214587
0.7586341299689647
0.4252719577559796
0.9115437447003045
0.007592003122729896
0.9911602056539994
0.5605646455932178
0.11378572243491014
0.7016300882478308
0.9815655670140984
0.9740496007907057
0.18356314791522377
0.4398451987103512
0.4341248051549922
0.8099900338504927
0.7945042985812907
0.8882569036581848
0.3700242444287889
0.2609337829256303
0.024745448869022968
0.7054036182149978
0.7087386283688987
0.5369348117694805
0.1695667558117543
0.5641844446563505
0.046606471511894676
0.4603253181046907
0.17659701886433055
0.3257252375550631
0.038212475438618054
0.2124227419060991
0.8766226056289687
0.8287894142876133
0.7524951736692002
0.2619211055537043
0.605470472307642
0.09663903240158933
0.7705055686222954
0.6713038814772265
0.7141969898938587
0.4480826460089816
0.19438014712499663
0.20449060146818898
0.49485215871418464
0.7233652678324237
0.34665489882337064
0.13022197000769065
0.9456311454866189
0.231003477632712
0.8760250684832965
0.9586766740762078
0.43306660610434844
0.7242524475240755
0.07952572552165726
0.9851354633009243
0.17231018876094562
0.5135981601318673
0.9241076563204764
0.3862054832612213
0.09259898360568208
0.5436024280706503
0.5682805797646523
0.591885846534348
0.0927810121871987
0.02244210748467801
0.9936734152200969
0.9539268938575541
0.4449459935354655
0.32611543878799065
0.1732986411396873
0.07119226278390278
0.2359797777577498
0.38561887548460805
0.9056620249175514
0.30361664026134394
0.8997688551617966
0.4692740651350762
0.8582175244876011
0.4945728575865347
0.2714135805255685
0.5919913317426205
0.008962938382422014
0.396137532362147
0.3296624090292265
0.6344552460083348
0.34056309355921077
0.9872606698450214
0.7452951313921516
0.12022427406044134
0.71199428356436
0.6002743633541131
0.021384948398882053
0.9522447939386242
0.7822418976129828
0.9383790628306764
0.7427268090373728
0.4760878179115471
0.9760513434057607
0.9986256508663782
0.6003505625948422
0.8707714188425686
0.4409129078041184
0.03445386012647422
0.8235618054062522
0.6791822426356803
0.4781158775730353
0.3014974392396911
0.25240802826221487
0.8343005074877605
0.7521628274196218
0.5880870832766054
0.13900386996808767
0.1059252599475986
0.06601361854221788
0.28047736802674805
0.2984266536637762
0.5189216660292361
0.22551832021650298
0.6165523083526666
0.30289578938678274
0.6076131155686166
0.9585913580863694
0.8862278300893123
0.09264734768976546
0.40813019834109165
0.13206255845759496
0.3360838035520205
0.6240789503115476
0.5543515737457407
0.10142419142927273
0.9741560253143899
0.7342085378879744
0.5245131112357164
0.8300588794984383
0.7483319660097301
0.7510029996061554
0.8922681703280371
0.8647260262104367
0.2042508616042945
0.6568741118098007
0.7818247576650009
0.1773316266090048
0.871547862379343
0.38981415028698907
0.9042782520439736
0.19334260762283384
0.4330348971339242
0.13147053838542644
0.9620877132749557
0.709696639678943
0.5021511712889934
0.29836674256015905
0.940701661860195
0.4430314666018753
0.7489369729666885
0.3189221221134252
0.921601305577762
0.9285062267297162
0.05059553317261256
0.2949136059700056
0.7848866519749973
0.9289328360674177
0.6331442952108937
0.9848597105988885
0.11614656045283311
0.13889494449640216
0.7685003559113159
0.5997222413765076
0.2579477793734999
0.2738631104449146
0.13419758502379586
0.37769642213275123
0.579652892189501
0.4457326896245446
0.23118568114249605
0.17587937614032711
0.554880908722767
0.44409846050420987
0.9252860458137252
0.18762536279632058
0.7729739161570235
0.8905180012840004
0.3976675259381931
0.6229626098714429
0.02017785114410109
0.4640779437986734
0.7939888579823873
0.07704282712278798
0.4559992399385032
0.8050161531009142
0.8760828582805658
0.6171231722915903
0.6707924374138329
0.8563777361191744
0.6811077135877116
0.4153696729473634
0.14467274369646388
0.08892557209514063
0.017959430932578124
0.9636678579494564
0.8494305655249499
0.4207780657742347
0.3193441229110452
0.7483089402999088
0.9187723149117876
0.4270421545487887
0.01646043456141666
0.26831094439142433
0.24301180463551975
0.292284131435689
0.5643511850824201
0.09052086428674633
0.21410784294803176
0.6961502464066329
0.6025723326607634
0.9681466155345008
0.5807061021579251
0.3341008397044186
0.590065704747551
0.19942601912676394
0.420006878069462
0.5179214897613089
0.14612667955807312
0.7849273241285292
0.309027123841614
0.219829606102389
0.5664424718127775
0.6143645821667938
6.0629029240755195e-05
0.34110863360469723
0.4893055246653144
0.5205406608524846
0.2728729165298114
0.6318841173004167
0.12400870454872859
0.5105738742632184
0.6648351199264934
0.2574798165299662
0.10239287106715189
0.5415307550838889
0.2114749035209731
0.9818406149568206
0.672827019046139
0.5392826458705955
0.7106107525491716
0.33003632446952924
0.33231360849705915
0.31591124654232494
0.05922922604118963
0.059122156450829966
0.518209794119063
0.42701409445302607
0.6743633424810417
0.12579441554304283
0.6438927184840413
0.9911118419159167
0.6261835284781017
0.6832940587736401
0.6669771662392292
0.6134589545379424
0.4050985127015839
0.1353823199751486
0.48021502174459685
0.3079062550188444
0.27500790350463966
0.19725105267014353
0.7087226973951799
0.05278693914217614
0.649367988147782
0.016786672803349556
0.049265785245587
0.8704630980756862
0.40400304321822955
0.6685571018580588
0.34105888874389323
0.4508995117379101
0.5680276092607528
0.09176790970695925
0.474578568883407
0.07518654797365909
0.05360712534164691
0.06954481994189399
0.8702269154675186
0.44125062469948484
0.7514720517317517
0.05823738108124865
0.7239039581089437
0.22502549246058934
0.7610241162971272
0.45469754762704995
0.5056398280402644
0.4991945869889417
0.4449429209542729
0.3085714501050606
0.8517752758488804
0.11135665503994607
0.8380785772151444
0.9972711731634645
0.4448104254848412
0.16053905939103064
0.6067813235574969
0.9415725786750031
0.25370667223532595
0.3549576634041096
0.4588567720995571
0.24701530797882032
0.15093808024080857
0.7960860273242243
0.713485259058158
0.045578170328299805
0.561257403768431
0.6267036224967639
0.12997038143772854
0.2772551182534919
0.2545056352814399
0.37418637528636667
0.7213084042607578
0.19531685555594758
0.29132913621194234
0.8823326768806113
0.2009146555189475
0.9363553213011767
0.9216447413357024
0.38705000949722956
0.12665544994538713
0.4100771679617319
0.06035582834991349
0.8474349269700078
0.6220573829023149
0.2436159720531037
0.8164470955984763
0.6342197632591542
0.31317896873272866
0.5349543435474662
0.6977941342696415
0.3686135906495709
0.27603260238630056
0.719853812968652
0.15482833920587702
0.8263449570035962
0.7323398680622407
0.3345596374210833
0.8321066308655883
0.25367031547354624
0.8386955273157207
0.6559014727614937
0.5630458174593034
0.9531109909167811
0.966101205726374
0.9514534490900594
0.85612786443618
0.43980258028397967
0.5380038162212498
0.5334785104249506
0.9226832684143372
0.4216267632916666
0.8163553738354129
0.5852392499393271
0.4381192673643687
0.8626043129152937
0.39930410646839776
0.9168294734266127
0.6980974897267315
0.22933794339909586
0.6630299448592405
0.7812676869459139
0.07553758122307119
0.3719959780797588
0.05260861262108496
0.4001903486681281
0.9571308812003038
0.05267921400494846
0.5243163916197754
0.9781807762127739
0.8743185271657279
0.7333844507015378
0.8249471526496115
0.4598224692147501
0.19132465003841592
0.6376352505578028
0.9222479765315122
0.716711472451915
0.7117319287357808
0.4008161970726881
0.9733068831427473
0.20299057465031312
0.7617129168493977
0.9972293733445967
0.867687591343979
0.8701951541557604
0.6762222000431749
0.06542903739081019
0.7887373207690552
0.41725319955596973
0.8381023764983576
0.6918184913888477
0.6710021102534478
0.4757858935148517
0.4804295572566333
0.601001396583433
0.1221730810108318
0.9374436167872309
0.32960119795968645
0.38641749878408227
0.18984819643674955
0.9301714522904128
0.7211329564698395
0.5670183402844807
0.2186601127699821
0.32004874028688235
0.9561732566131768
0.46850141258335076
0.6043183251173881
0.1829688108687525
0.08597412898706835
0.8754322631698869
0.9434795368256594
0.5641069661195289
0.8483512565877028
0.7741704255796011
0.05034850097496446
0.9734398471621435
0.9960571613708619
0.929020350028246
0.6843514125929814
0.12144942343989007
0.34140324836250935
0.7447165875164534
0.12302985045334836
0.4350393229416786
0.38895000509141686
0.7038442760533358
0.48013012601665916
0.7004581733560032
0.7093598580207255
0.9649733866190627
0.2960678915941164
0.9885388327327271
0.29312799790967514
0.12990583939962308
0.9651972565370276
0.3139121655269892
0.28256375534105116
0.1273719325091982
0.7532017630743753
0.7313252012212378
0.9480908938079144
0.36607613254537663
0.2065940209322279
0.900447546272554
0.03495930040911721
0.8178345888555647
0.3922426842185954
0.07401922060841837
0.41643962449620386
0.16740442519977572
0.6169642456462592
0.9470281407676463
0.32107155914350627
0.7567158214877399
0.5691793094125949
0.6083460583928234
0.7636236315159581
0.5234270360845351
0.74671408920864
0.3641225873741696
0.07027720382709157
0.5529345653827444
0.2729183245803771
0.6775834185356387
0.8271609176751762
0.44311335660862106
0.5303541087093341
0.4063293426327259
0.41531915834175237
0.21632200657032452
0.3688783143362857
0.5046041182429134
0.5500960027406773
0.8459413797595978
0.5390282497327857
0.09985820363112718
0.6480096044061364
0.1704960572906843
0.592628946036621
0.36203000062837
0.9602204306062713
0.34596679572595024
0.6444472712639258
0.011920780680907517
0.31669825882019154
0.16935846699654167
0.006573036805713417
0.22536756570258143
0.9815703279297407
0.5488067957625921
0.1705394158225214
0.28696720773440687
0.290315189327468
0.35002234410277544
0.4346873863169515
0.37205812150909257
0.30795502976065403
0.330007034164859
0.48968825763970125
0.8216399873965688
0.2949444392811317
0.8781564645876714
0.7921574562819983
0.8069154283053581
0.43552820646941515
0.10928895014120354
0.24432461692585206
0.20892856448373087
0.948008607250163
0.6768326773623463
0.7361096746004392
0.4591242463703954
0.6738729158072286
0.9235316951994591
0.8438807858109723
0.16786932739752314
0.5490679387160216
0.7810475384714982
0.35973608349645747
0.04098901469710148
0.6847717337053072
0.1506657206552111
0.9668897526375447
0.5958313610823619
0.06396254134425827
0.08228355119986652
0.5516186802340224
0.7549843507306981
0.21712936311798925
0.088653409108568
0.9968476512696282
0.7384129446327261
0.8999614237998235
0.2054630810600363
0.5516265930143406
0.05970856257273205
0.2351607396962676
0.9591353097975622
0.7095875091863779
0.2853378472755279
0.7782904881027729
0.3594592026227945
0.15693650184887997
0.33269193112775175
0.9048094229322955
0.2817782697014358
0.6351677590769718
0.7989210500170032
0.5145679879557069
0.5795761879721805
0.6812494302732347
0.28035568372349196
0.20197939784529162
0.20746390297458406
0.5918132200876329
0.6801539700837935
0.8146312463257834
0.27157892015366036
0.426370645097517
0.5306087909719991
0.5334524206505399
0.6582573005978226
0.3580290656973837
0.14106555724609748
0.6674361005679446
0.2311472689157298
0.5992737828888814
0.5203889300867598
0.6020687311885168
0.3628391640220612
0.9904899443010501
0.22263320711031853
0.3766690226199676
0.38800519688005
0.8949537611934963
0.30625929518454387
0.12011946514584404
0.8313616640407482
0.24085161531075416
0.9314781064263361
0.6571398620854108
0.8999520084704299
0.030398208115724357
0.7811599877878035
0.9827288607765251
0.6655001725961153
0.06965854051911069
0.8923913754558549
0.09377908692261061
0.5117101566919743
0.08391148126420367
0.7468307025237609
0.21364405609129822
0.2547494247748686
0.9558990259785444
0.6541079588799256
0.17969557055069363
0.5895597249144292
0.2625664905867201
0.6430925509949303
0.9606484430107514
0.5894947617327964
0.7240207482039818
0.7254052431015833
0.7911203418812148
0.6578286611993016
0.17151970541014283
0.5795947261339516
0.2999613853035292
0.7690546463796963
0.24414993117651262
0.31173446101907154
0.2936816697561313
0.8509306812864496
0.5628805711406191
0.7346985558890324
0.3806440583581624
0.44006875369466447
0.2321691622268509
0.5858264583246623
0.5272678941976378
0.0952952593914167
0.3357402099858716
0.6204078602970249
0.946875172374226
0.6214451278122284
0.012038023215633187
0.7319740851773732
0.3812464719971119
0.8074494166596461
0.4997146031521926
0.8892894662118848
0.0452424790927628
0.05587025009134228
0.3156074109943878
0.9053444078591739
0.0004395857320376173
0.7138605267113577
0.5033667891308231
0.5459961247931501
0.7612753628613701
0.2487321566151992
0.595696772518885
0.9131046052906978
0.08478532238434489
0.650048119608251
0.6605974114469519
0.9322479184680065
0.03082709543296691
0.7275274601123014
0.9837639974257448
0.19998136694651114
0.2831043931208207
0.21125842125541738
0.5218552532358649
0.40203988994713646
0.4904357479295902
0.33953757109715454
0.10892003577400766
0.16532130590345873
0.99523566978706
0.5723597609594333
0.1877908983433264
0.05575204346388363
0.0030518491176805274
0.5728546212256291
0.07468166229600814
0.3927476655227675
0.2607213745011149
0.8683251365428456
0.15752363415849602
0.30823767193049645
0.412072057043146
0.03595799100823338
0.20180364186159205
0.0348396986077798
0.8916402651174983
0.32149690574713663
0.9500201377795325
0.3633701883389888
0.8112213174778058
0.9874627386319732
0.42926227903491543
0.8819070409700945
0.8776003721747793
0.8501311361112993
0.2472289587412212
0.07546796808902889
0.9857487374626873
0.7760223546214461
0.15262511484426788
0.6718199378691951
0.3977578003209432
0.09536968669856094
0.4462797873972407
0.3644376578681148
0.09938405801420991
0.47461209778244473
0.7096810377637303
0.2321644626027105
0.4578835857009399
0.6381721331823932
0.9054056541033596
0.6246054991031025
0.5030891025035216
0.15020220450556865
0.7195705416142933
0.35651443587780274
0.8757229073111114
0.2519700571039645
0.4256696852083055
0.5029631839050859
0.6386243591673367
0.588852274953298
0.8396174612290156
0.1559355480789475
0.7352101465019393
0.05333375540110008
0.5622049740112537
0.10299921323884609
0.5624631197400297
0.455296774572984
0.147340368081883
0.7686574244331054
0.014914060787610706
0.36316347471491894
0.8448798030787905
0.33667119608428486
0.10706056250408325
0.12110526930904242
0.8750127232780142
0.7099750623428759
0.11905864551608591
0.8488615381660098
0.12476291976016751
0.7067938573853989
0.7912264599602433
0.5734109319073942
0.08584882462450871
0.5665906235248396
0.8934355623046041
0.840454998672632
0.8176788632392272
0.1517435579199602
0.26943180973846514
0.364533659619944
0.7327774461306251
0.27458587103032905
0.16480315742978247
0.2514973469650159
0.30002058725213954
0.2913990276531562
0.37979024605164047
0.4931743511259855
0.46745888785593415
0.997021894697725
0.0010883352484528652
0.6689085332698279
0.917458081517883
0.20136730680365977
0.8219856414767132
0.9327254379100237
0.1820208292050861
0.8716976710555774
0.4548740179833467
0.4491565604577561
0.20077982144015194
0.06727248699483035
0.42628720993069236
0.40752575036103
0.7419329169420585
0.15980856860091341
0.6564179945460951
0.5525871369602675
0.4846579013796891
0.4815551348867728
0.9406830163802888
0.661790817025634
0.7832362879693483
0.5762969932942617
0.1767345393581662
0.37893729083905847
0.7900842588611207
0.77507229536889
0.8180934524815462
0.9864457510964415
0.1652712929167638
0.9323462087019566
0.8228603459406358
0.13180560354450677
0.4843515234710648
0.008766920959803248
0.2697746432094098
0.6454031344710619
0.9465055305443837
0.13392190714955976
0.24266457597449376
0.07969182789525897
0.2939540560844126
0.11334628873905384
0.8240045209682751
0.6897338293445072
0.24942703781788678
0.7069844273119449
0.3358948790112124
0.2661276736445062
0.5623964319486675
0.8899445010443069
0.7991928512558838
0.6871614223910062
0.30914754945299927
0.30143235263337576
0.292593727522263
0.6854142944720951
0.1976898531632293
0.2508254408106131
0.7794856651216749
0.45006819474745596
0.4834325696574038
0.1232732928169955
0.34147321716757173
0.7859532839989128
0.9636190232316784
0.5529255278965122
0.33657839224850417
0.2100199552258365
0.7473442544010327
0.6379107467682573
0.7096823397535983
0.7379307058562588
0.7563449001353267
0.4619024090552315
0.9992816398334988
0.2989637812142104
0.033166522112057284
0.7741815110393023
0.23412401035119945
0.4081222063576915
0.7940260381590557
0.7794681203255892
0.04177664666155245
0.8310431579522655
0.5307432543332251
0.3832423652843395
0.08253685906764086
0.9947774488136519
0.281954172214644
0.7469112699943311
0.08194760589182859
0.2753861988182307
0.07008939073739873
0.2121253407446997
0.18387708401921432
